mae_ble = 3.914034982523041
max_error_ble = 10.304163636907683
rmse_ble_x = 4.671340437093725
rmse_ble_y = 0.5041951080694426