x_list_1 = [32, 34, 36, 38, 40, 42]
rssi_list_1 = [-93.76550939984494, -93.73444212842611, -93.48592415265531, -93.0661869976001, -92.52817943777592, -91.93156749714603]
distance_list_1 = [2.7126305519655887, 2.7073516429282165, 2.665635973741587, 2.5972018050092345, 2.5130567957854737, 2.4242028673807]

x_list_3 = [31, 33, 35, 37, 39, 41]
rssi_list_3 = [-96.02373560824489, -96.24537458861957, -96.18926588475158, -95.89496403746683, -95.41012253687545, -94.79049382237181]
distance_list_3 = [3.0562237200020306, 3.09827696950736, 3.0875666555633003, 3.032101315657421, 2.9432796023988246, 2.8342228838803223]

x_list_5 = [30, 32, 34, 36, 38, 40, 42]
rssi_list_5 = [-92.84848910911505, -93.12445400911051, -93.26254063114618, -93.29841186161869, -93.26753461767265, -93.20517984720072, -93.14642252884377]
distance_list_5 = [2.5241024106471173, 2.564767705873294, 2.5854990225104757, 2.590927033127514, 2.586253651571951, 2.576855819897446, 2.5680485992622266]